2048
2049



2053
2054
2055
2056
2057
2058
2059
2060
2061
2062
2063
2064
2065
2066
2067
2068
2069
2071
2072
2073
2074
2075
2076
2077
2078
2080
2081
2082
2083
2084
2085
2086
2087
2088
2089
2090
2091
2092
2094
2096
2097
2098
2099
2100
2101
2102
2103
2104
2105
2106
2107
2108
2109
2110
2111
2112
2113
2114
2115
2116
2119
2120
2121
2122
2124
2126
2127
2128
2129
2131
2132
2133
2134
2136
2137
2138
2141
2142
2143
2146
2147
2148
2149
2150
2151
2154
2155
2156
2158
2160
2161
2162
2164
2165
2166
2167
2169
2171
2172
2173
2174
2176
2177
2178
2181
2182
2183
2184
2185
2186
2187
2189
2190
2191
2192
2193
2194
2195
2196
2197
2199
2201
2202
2203
2204
2205
2206
2208
2209
2210
2211
2212
2214
2216
2218
2222
2227
2228
2229
2230
2231
2233
2234
2235
2236
2237
2238
2239
2240
2241
2242
2245
2246
2247
2248
2251
2252
2253
2256
2257
2262
2263
2265
2266
2268
2270
2272
2275
2276
2282
2283
2284
2286
2288
2289
2290
2291
2292
2293
2294
2295
2297
2298
2299
2300
2302
2303
2304
2305
2307
2308
2309
2310
2311
2313
2314
2315
2316
2317
2320
2324
2325
2326
2327
2329
2330
2331
2332
2333
2334
2335
2338
2340
2341
2342
2343
1001
1002
1003
1004
1005
1006
1007
1008
1009
1010
1011
1012
1013
1014
1015
1016
1017
1019
1020
1021
1022
1023
1024
1025
1026
1027
1028
1029
1030
1031
1033
1034
1035
1036
1037
1038
1042
1043
1101
1102
1103
1104
1105
1106
1107
1108
1109
1111
1112
1113
1114
1115
2002
2003
2005
2006
2010
2011
2012
2013
2014
2015
2016
2017
2019
2020
2021
2022
2023
2024
2026
2027
2028
2029
2030
2031
2032
2033
2034
2035
2036
2037
2038
2039
2040
2041
2042
2043
2044
2045
2046
2047
